kernel_candidates: 2
{
  "depth": 65,
  "power": 0,
  "factor_ids": [
    7,
    7,
    10,
    13,
    4,
    13,
    4,
    13,
    21,
    20,
    13,
    20,
    13,
    10,
    2,
    13,
    4,
    13,
    4,
    13,
    21,
    20,
    13,
    20,
    13,
    10,
    2,
    13,
    4,
    13,
    4,
    13,
    21,
    20,
    13,
    20,
    13,
    10,
    2,
    13,
    4,
    13,
    4,
    13,
    21,
    20,
    13,
    20,
    13,
    10,
    2,
    13,
    4,
    13,
    4,
    13,
    21,
    20,
    13,
    20,
    13,
    10,
    16,
    16,
    16
  ],
  "factor_permutations": [
    [
      1,
      0,
      3,
      2
    ],
    [
      1,
      0,
      3,
      2
    ],
    [
      1,
      3,
      0,
      2
    ],
    [
      2,
      0,
      3,
      1
    ],
    [
      0,
      3,
      1,
      2
    ],
    [
      2,
      0,
      3,
      1
    ],
    [
      0,
      3,
      1,
      2
    ],
    [
      2,
      0,
      3,
      1
    ],
    [
      3,
      1,
      2,
      0
    ],
    [
      3,
      1,
      0,
      2
    ],
    [
      2,
      0,
      3,
      1
    ],
    [
      3,
      1,
      0,
      2
    ],
    [
      2,
      0,
      3,
      1
    ],
    [
      1,
      3,
      0,
      2
    ],
    [
      0,
      2,
      1,
      3
    ],
    [
      2,
      0,
      3,
      1
    ],
    [
      0,
      3,
      1,
      2
    ],
    [
      2,
      0,
      3,
      1
    ],
    [
      0,
      3,
      1,
      2
    ],
    [
      2,
      0,
      3,
      1
    ],
    [
      3,
      1,
      2,
      0
    ],
    [
      3,
      1,
      0,
      2
    ],
    [
      2,
      0,
      3,
      1
    ],
    [
      3,
      1,
      0,
      2
    ],
    [
      2,
      0,
      3,
      1
    ],
    [
      1,
      3,
      0,
      2
    ],
    [
      0,
      2,
      1,
      3
    ],
    [
      2,
      0,
      3,
      1
    ],
    [
      0,
      3,
      1,
      2
    ],
    [
      2,
      0,
      3,
      1
    ],
    [
      0,
      3,
      1,
      2
    ],
    [
      2,
      0,
      3,
      1
    ],
    [
      3,
      1,
      2,
      0
    ],
    [
      3,
      1,
      0,
      2
    ],
    [
      2,
      0,
      3,
      1
    ],
    [
      3,
      1,
      0,
      2
    ],
    [
      2,
      0,
      3,
      1
    ],
    [
      1,
      3,
      0,
      2
    ],
    [
      0,
      2,
      1,
      3
    ],
    [
      2,
      0,
      3,
      1
    ],
    [
      0,
      3,
      1,
      2
    ],
    [
      2,
      0,
      3,
      1
    ],
    [
      0,
      3,
      1,
      2
    ],
    [
      2,
      0,
      3,
      1
    ],
    [
      3,
      1,
      2,
      0
    ],
    [
      3,
      1,
      0,
      2
    ],
    [
      2,
      0,
      3,
      1
    ],
    [
      3,
      1,
      0,
      2
    ],
    [
      2,
      0,
      3,
      1
    ],
    [
      1,
      3,
      0,
      2
    ],
    [
      0,
      2,
      1,
      3
    ],
    [
      2,
      0,
      3,
      1
    ],
    [
      0,
      3,
      1,
      2
    ],
    [
      2,
      0,
      3,
      1
    ],
    [
      0,
      3,
      1,
      2
    ],
    [
      2,
      0,
      3,
      1
    ],
    [
      3,
      1,
      2,
      0
    ],
    [
      3,
      1,
      0,
      2
    ],
    [
      2,
      0,
      3,
      1
    ],
    [
      3,
      1,
      0,
      2
    ],
    [
      2,
      0,
      3,
      1
    ],
    [
      1,
      3,
      0,
      2
    ],
    [
      2,
      3,
      0,
      1
    ],
    [
      2,
      3,
      0,
      1
    ],
    [
      2,
      3,
      0,
      1
    ]
  ],
  "author_projlen": 1,
  "matrix_fingerprint": "aadacdb990e2e1cfec7b2a6af6622065"
}
{
  "depth": 67,
  "power": 0,
  "factor_ids": [
    22,
    13,
    21,
    10,
    13,
    4,
    13,
    4,
    13,
    21,
    20,
    13,
    20,
    13,
    10,
    2,
    13,
    4,
    13,
    4,
    13,
    21,
    20,
    13,
    20,
    13,
    10,
    2,
    13,
    4,
    13,
    4,
    13,
    21,
    20,
    13,
    20,
    13,
    10,
    2,
    13,
    4,
    13,
    4,
    13,
    21,
    20,
    13,
    20,
    13,
    10,
    2,
    13,
    4,
    13,
    4,
    13,
    21,
    20,
    13,
    20,
    13,
    10,
    16,
    2,
    13,
    6
  ],
  "factor_permutations": [
    [
      3,
      2,
      0,
      1
    ],
    [
      2,
      0,
      3,
      1
    ],
    [
      3,
      1,
      2,
      0
    ],
    [
      1,
      3,
      0,
      2
    ],
    [
      2,
      0,
      3,
      1
    ],
    [
      0,
      3,
      1,
      2
    ],
    [
      2,
      0,
      3,
      1
    ],
    [
      0,
      3,
      1,
      2
    ],
    [
      2,
      0,
      3,
      1
    ],
    [
      3,
      1,
      2,
      0
    ],
    [
      3,
      1,
      0,
      2
    ],
    [
      2,
      0,
      3,
      1
    ],
    [
      3,
      1,
      0,
      2
    ],
    [
      2,
      0,
      3,
      1
    ],
    [
      1,
      3,
      0,
      2
    ],
    [
      0,
      2,
      1,
      3
    ],
    [
      2,
      0,
      3,
      1
    ],
    [
      0,
      3,
      1,
      2
    ],
    [
      2,
      0,
      3,
      1
    ],
    [
      0,
      3,
      1,
      2
    ],
    [
      2,
      0,
      3,
      1
    ],
    [
      3,
      1,
      2,
      0
    ],
    [
      3,
      1,
      0,
      2
    ],
    [
      2,
      0,
      3,
      1
    ],
    [
      3,
      1,
      0,
      2
    ],
    [
      2,
      0,
      3,
      1
    ],
    [
      1,
      3,
      0,
      2
    ],
    [
      0,
      2,
      1,
      3
    ],
    [
      2,
      0,
      3,
      1
    ],
    [
      0,
      3,
      1,
      2
    ],
    [
      2,
      0,
      3,
      1
    ],
    [
      0,
      3,
      1,
      2
    ],
    [
      2,
      0,
      3,
      1
    ],
    [
      3,
      1,
      2,
      0
    ],
    [
      3,
      1,
      0,
      2
    ],
    [
      2,
      0,
      3,
      1
    ],
    [
      3,
      1,
      0,
      2
    ],
    [
      2,
      0,
      3,
      1
    ],
    [
      1,
      3,
      0,
      2
    ],
    [
      0,
      2,
      1,
      3
    ],
    [
      2,
      0,
      3,
      1
    ],
    [
      0,
      3,
      1,
      2
    ],
    [
      2,
      0,
      3,
      1
    ],
    [
      0,
      3,
      1,
      2
    ],
    [
      2,
      0,
      3,
      1
    ],
    [
      3,
      1,
      2,
      0
    ],
    [
      3,
      1,
      0,
      2
    ],
    [
      2,
      0,
      3,
      1
    ],
    [
      3,
      1,
      0,
      2
    ],
    [
      2,
      0,
      3,
      1
    ],
    [
      1,
      3,
      0,
      2
    ],
    [
      0,
      2,
      1,
      3
    ],
    [
      2,
      0,
      3,
      1
    ],
    [
      0,
      3,
      1,
      2
    ],
    [
      2,
      0,
      3,
      1
    ],
    [
      0,
      3,
      1,
      2
    ],
    [
      2,
      0,
      3,
      1
    ],
    [
      3,
      1,
      2,
      0
    ],
    [
      3,
      1,
      0,
      2
    ],
    [
      2,
      0,
      3,
      1
    ],
    [
      3,
      1,
      0,
      2
    ],
    [
      2,
      0,
      3,
      1
    ],
    [
      1,
      3,
      0,
      2
    ],
    [
      2,
      3,
      0,
      1
    ],
    [
      0,
      2,
      1,
      3
    ],
    [
      2,
      0,
      3,
      1
    ],
    [
      1,
      0,
      2,
      3
    ]
  ],
  "author_projlen": 1,
  "matrix_fingerprint": "a0167c41959dc6b09589e9854d61c905"
}
